/conv1/conv1/bias:0 : [12, -21, 8, -23]

/conv1/conv1/kernel:0 : [15, -33, 34, -80, 52, 48, 85, -58, 41, 83, 71, 42, 103, -34, 102, -79, 41, 26, 22, 6, 48, 60, 46, 51, 43, -17, -1, -46, 75, 47, 17, 19, 78, 8, -19, 67]

/conv2/conv2/bias:0 : [7, -58, -47, 3, 0, -3, 3, -58]

/conv2/conv2/kernel:0 : [24, -37, -12, -49, -48, 2, 43, -10, 19, -1, -6, -32, -40, -15, -5, 20, 42, -40, -31, -21, -82, 0, 58, 36, 2, 9, 6, -17, 33, -7, -28, -28, 12, 14, 26, -11, -13, 24, -61, -12, 16, 41, -27, 14, -32, -38, -45, -14, 57, 5, 11, -18, -55, 7, -74, 9, 7, 31, 21, -54, 11, -42, 10, -15, 48, 17, 7, -41, -18, 5, 0, -12, 28, 1, -29, -30, -41, -61, 7, 25, 29, 5, 14, 34, -25, 14, -25, -9, 21, 1, -42, -69, -31, -35, 28, 0, -35, -19, 24, 3, 44, -6, -33, -49, -20, 7, -19, -2, 22, 29, -82, -16, -19, -26, 26, -32, 14, 16, 0, -22, -26, 50, -48, -47, -17, -24, -14, -11, -8, 28, 39, -25, -3, 28, -26, 25, 0, 64, 38, -33, 24, 38, 17, -2, 22, -13, -1, 0, 29, 27, -25, -10, -4, 30, -18, -10, -18, -67, 11, 56, -59, -37, 23, -7, 38, 14, 33, 0, -60, 0, 51, -4, -24, 56, 11, 49, -38, -5, -9, -38, 9, 45, 9, 19, -11, -30, -25, -10, -3, -44, 42, 31, -42, 1, -59, 20, 20, -62, -37, 10, 3, 15, -36, 6, -37, 1, -43, 19, -54, -13, -9, 38, 22, -52, -37, 10, -22, 27, -23, 21, -6, -11, 43, 70, -8, 25, -26, 27, -6, -27, -19, -15, -39, 49, 14, 8, -23, -13, 39, 48, -8, 13, -31, 35, 20, 0, -6, 38, 19, 62, -44, 19, 6, -18, 57, 36, -9, -40, 21, 28, -10, -24, -5, -26, -26, -32, 45, 22, -15, 9, 6, -38, -45, -9, -10, 35, 44, -12, 15, -5, 18, -60, -16, -24, -2, 13, 65, 18]

/dense/dense/bias:0 : [-12, 54, -19, -20, -12, 2, -7, -7, 1, 13]

/dense/dense/kernel:0 : [-28, 19, 0, -26, -4, 20, -28, -14, -2, 24, -32, -14, 8, 9, -8, -23, 5, -30, -8, -72, -6, -37, -4, 0, 18, 17, 26, 4, 11, -24, 2, -31, 0, 4, 3, -12, -11, 10, 2, -12, 0, -27, 1, 11, 11, -12, -18, 13, 0, -11, -43, -1, 10, 0, 28, -15, 9, 13, -19, -47, -4, -23, -8, -13, 9, -9, 9, -13, 0, -19, -11, -37, 11, 10, 0, -10, 19, -9, 5, -33, -14, 11, 28, 9, -13, -20, -5, 0, -45, 26, 13, -18, 17, -12, 32, 24, 39, -24, 24, -48, -5, 13, 6, 4, 18, -5, 6, -17, -1, -59, 8, -3, 3, 8, 5, 4, -8, 5, 13, 8, -5, -11, -4, 1, -6, -4, -13, -1, 3, 0, -39, 6, 31, 26, 12, -33, -26, -2, -17, -55, 4, 6, 6, -3, 7, -4, 8, -3, 12, 0, -4, -26, -1, -11, -7, -11, 2, -26, 7, -10, -37, 3, 10, -5, -37, 3, 3, 23, -34, -90, 7, 36, -3, -28, 32, 2, 28, -46, 12, -71, 15, 57, 34, 34, 22, -12, 10, -38, 17, -57, -2, -2, -6, 0, -11, -4, -15, -1, 0, 2, 7, -2, 1, 6, -8, 0, -4, 0, 8, 10, -11, 5, 35, 28, -25, -18, -43, -21, 0, -63, 3, 17, -9, -13, 6, -14, 14, -42, 3, 0, 2, 2, 0, -7, 3, -9, 14, -34, 16, 12, -57, 12, -23, -60, -50, 40, 40, -2, -46, -66, -7, 26, -32, -48, 28, -18, 33, -27, -25, -84, 4, -1, 31, 18, 22, -8, -15, -86, 24, -75, 0, -2, -7, -1, -7, -3, -17, -1, 0, 2, 11, 11, 6, 10, -2, 6, 5, 2, 12, 11, -9, -44, 17, -1, -12, 2, -2, -43, 13, -39, -2, 46, -42, -49, 51, -11, 40, -23, -13, -51, 2, 22, -27, -39, 16, -7, 22, -16, 0, -15, -70, -27, -38, -60, -44, 32, 64, -7, -55, -25, -9, 39, -47, -42, 50, -17, 14, 5, -4, -66, 0, -58, 5, -11, -14, 11, 32, -54, 10, -68, 3, -3, -9, 0, -4, 4, -21, 1, 4, -3, 4, -1, -4, 5, -3, 6, -5, 0, 5, 5, -22, -60, 9, -25, -55, 31, 23, -14, 5, -44, -50, 11, -65, -73, 59, 42, 25, -2, -12, -61, -30, 21, -79, -49, 40, 21, -11, 1, -9, -72, -38, 3, 33, 29, -35, -50, -34, 28, -26, -54, 9, -23, 1, 3, 7, -4, 8, -6, 4, 24, 3, -18, -10, -13, 7, 0, 3, -1, 4, -3, 11, -4, 4, -2, 0, -22, -12, 6, 2, 8, -3, -15, -4, 7, 4, -36, -9, 16, 10, 9, -21, 0, 4, 11, 0, -24, -23, 23, 0, -50, 8, -13, -1, -10, 8, 3, 10, 1, 10, 4, 4, -8, -4, -5, -3, -19, 4, -7, 6, 9, -21, -14, 25, 30, -57, -56, -37, 31, -41, -19, 5, -35, -5, -22, 10, 0, 11, -4, 6, 9, -10, -2, 0, 0, 0, -1, -13, 7, 11, -9, 5, -37, 7, 2, 2, -3, 1, 9, 3, 10, 6, -47, -1, 9, 1, -2, -10, 14, 7, 7, -33, 3, 17, 21, -12, -14, -58, 31, 0, -34, 8, -2, -10, -12, 12, 5, 12, -1, 8, 10, 11, -33, -4, -5, 12, 0, 6, -2, 11, 21, 5, -25, 13, 10, -81, 16, -1, 16, -7, 12, 2, 9, -7, -21, 6, 2, 10, -20, 2, 0, -7, 19, 7, 7, -41, -23, -51, 7, 2, 6, 0, 12, -2, 4, -2, 10, -1, 16, -2, 3, 1, -20, -3, 6, -1, 6, -3, 12, 3, 11, -1, 9, 22, 18, -89, -8, -68, 25, 4, 12, -10, 8, -11, -28, 5, -1, 11, -37, -26, -14, 0, -3, -19, 18, -3, -1, 10, -26, -8, 11, 5, -54, -10, -33, -73, 32, 33, -28, -2, -2, -6, 15, 8, -1, 31, -48, 3, 0, 0, -17, 17, -53, 10, 0, -13, -1, -40, 12, 5, 6, -9, 21, -6, -7, 2, 19, 18, 20, 0, 4, -1, 10, -7, -4, -5, 8, 3, 19, -2, 10, 20, -70, 15, 0, -49, 22, -21, 15, 10, 12, -20, 37, 5, -31, 35, -36, 26, -45, -18, -30, -31, 13, 4, 29, 33, -38, 19, -4, 29, 23, -40, -10, -54, -22, -48, 41, 47, -27, -2, -36, -7, 17, 8, 1, 30, -65, -58, -15, 14, -30, 24, -44, -14, -44, -43, 31, -6, -12, 12, -12, 6, -71, -10, -14, 1, 12, 27, 11, 9, 4, 2, -53, -13, -13, 2, 8, 0, 17, 0, 3, 22, -53, -15, -26, -71, 44, 24, -26, 13, -6, -26, 19, -26, -22, 35, 28, 48, -15, 6, -54, -22, -47, 0, -2, 38, -50, -5, -17, 37, -4, -51, 25, 35, 29, -33, -1, -56, 22, 9, -34, 13, 3, -22, -19, 7, -10, 8, 1, -9, 6, 11, -13, -20, -24, 10, -1, 10, 0, 7, 9, 0, -31, 28, 5, 6, -17, -14, 6, -16, -29, 7, -8, 32, 3, 9, -23, -5, 9, -17, -17, -14, -23, -1, -13, -7, -5, -16, 5, 12, -14, 18, -10, 3, -17, 15, 4, 20, 4, 4, 12, 17, -25, 3, -40, 14, -24, 2, -14, -4, -8, -24, 10, 19, 9, -34, 0, -61, 19, -19, -15, 5, -39, -24, -21, 9, 0, 7, 2, -10, 9, -2, 9, -11, 5, 6, 12, 4, -6, 20, 11, -5, 7, 23, 9, -8, -10, -12, 21, -4, -20, 4, 2, 23, 18, -6, -20, -13, 1, -27, -29, -39, -16, -4, -2, 4, 9, -34, 0, 15, 7, -6, 1, -13, 7, -9, -1, 0, -24, -13, -5, 17, -31, 9, 10, 9, -1, 11, -3, -2, 1, 6, -1, 6, 8, -45, 10, -31, 26, -50, -2, 8, 15, -13, -5, -14, 1, 2, -3, -4, -25, -31, 15, -23, 4, -5, 0, -38, -1, 0, 1, -50, -1, 18, 9, 10, 13, 13, 2, 8, 8, -24, 5, 9, 12, -2, 11, -7, -20, 0, -11, -25, 3, -24, 3, -11, 6, -44, -4, -1, 2, -35, 28, 10, 7, -13, -65, 0, 33, -47, -8, -31, 19, 16, 30, -33, -25, 12, 14, 7, 4, 12, -2, -7, 7, -60, 25, 0, 1, 1, -26, 12, 2, 10, -17, 15, -70, -29, 19, -2, 2, 10, -38, -17, 5, 5, 5, -2, 10, -8, 10, -39, -32, 5, -10, 11, 23, 33, -23, 7, 4, -75, -4, -8, -5, 0, 16, 25, -31, 7, 4, 3, -41, -32, 12, -29, 9, -14, 12, -15, -9, 20, -38, 17, -55, 9, -60, -10, 32, -23, -2, 11, -51, 19, -5, 6, -73, 4, 27, 13, 13, -42, -8, -11, 10, -21, 31, -27, -10, 31, -9, 28, -14, 32, -15, 19, -81, -14, 19, 14, 21, 23, -24, -50, -12, -37, 2, 27, -22, 27, -29, -19, -30, 7, 11, 1, 17, 36, 12, -19, -30, -29, -30, -7, 6, 7, 21, 36, -7, 0, 0, 21, -30, -46, -7, -26, 23, 18, -20, 35, -31, 2, -2, 11, 16, -38, -68, -35, -4, 23, -1, 12, -23, 7, -62, -11, -103, -6, -8, 11, -26, -67, 7, -26, -11, 21, 21, -48, 13, 6, 6, 17, -43, 4, -20, 14, -12, 4, 5, 2, -1, 11, -20, -3, -18, 13, 1, 9, -6, 2, 9, -26, 6, 11, 22, -34, 20, -50, -17, 13, -45, -36, -20, 29, 32, -18, 13, -61, -21, 12, -77, -10, -30, -22, -19, 25, 6, -5, 0, -4, 13, 9, 2, 14, -12, 1, -2, 9, -4, 14, -7, 11, -12, 29, -8, 15, -22, -13, -7, 17, -28, -56, -3, -19, 9, 16, 13, -76, 8, -16, 12, 9, -10, 0, -17, -5, -11, 3, -17, 7, -15, 1, -8, -13, -6, 8, 0, 13, -7, 0, 5, -16, 9, 9, 15, -16, 14, -27, 8, 2, 11, -31, 10, 27, 20, -25, 16, -37, 29, 19, -12, -12, -38, -37, 5, 21, 13, 0, 0, 1, 20, -4, 17, 16, -14, -19, -28, 2, 11, 14, -41, 10, 1, 27, -15, -10, -12, 6, 0, 36, -51, -45, 16, -17, 10, 16, 5, -31, -24, -13, 12, -36, 20, 0, -12, -7, -17, 6, 8, 14, -1, -59, 23, -7, 10, 15, 4, -12, -5, 5, 15, -3, -16, -14, 4, 0, 0, -17, -2, -54, 6, -5, 1, 1, -10, 4, -11, -18, 4, -11, 12, -72, 10, -11, 16, 18, 11, -28, -19, 0, 18, 19, 35, 7, -18, -15, -5, -7, 24, -44, -6, -5, 2, 10, -18, -2, -13, -12, 8, 4, 11, -52, 5, -3, -8, 17, -13, -31, 6, 3, 12, 13, -58, 2, -5, 4, -3, -6, 21, -28, 6, -17, -56, -6, 5, 11, -2, -2, -7, 7, 12, 22, -4, 18, 11, 0, 11, 19, -13, -13, -37, 11, -14, 15, -1, 16, 8, 9, 2, -15, -4, -43, -30, 2, 11, 17, 9, 0, -10, 14, 7, 22, 48, 0, -11, -48, 1, -13, 25, -38, -8, 28, -66, 0, 12, -20, 6, 9, 8, -12, 4, 15, -14, 17, -29, 26, -61, -15, 25, 14, 12, 15, -9, -19, -12, -33, -8, 16, -10, -21, -10, 16, -26, 7, -21, 7, -18, 4, 8, -1, -28, -9, 5, 28, -4, -21, 3, -2, -27, 8, -78, -6, -2, 20, 3, -7, 0, 8, -11, 14, -77, 8, -50, 19, -9, 21, -9, -3, 26, 6, -25, 18, -7, 6, -23, 4, -46, -4, 11, 3, 27, 24, -13, -9, -3, -54, -12, 27, -16, -14, -18, -15, -20, -3, 4, 17, 3, -6, 8, -28, 17, 5, -5, 11, -14, -9, -18, -22, -15, 5, -22, 10, -7, 4, 9, -19, 5, -2, -42, 3, -20, -48, 19, -5, 42, -18, 33, -46, 1, -25, 3, -59, 7, -8, 25, -26, 8, -71, -7, -29, -22, 11, -19, 8, 20, -10, 14, -11, -37, 0, -18, 2, 9, 10, -1, -27, 3, -7, -3, 12, -17, 7, 8, 21, -6, -32, -17, -21, 2, 13, -23, -7, 4, 10, 1, 16, 8, 4, 5, -25, 22, 7, 13, 10, -28, 6, -21, 3, 7, 18, -2, 14, 0, 5, 0, -16, 9, 20, -19, 13, -9, 4, 0, -5, 37, -21, 33, -44, -1, -45, 17, -7, 24, 0, 42, -26, 36, -55, 0, -36, 16, 4, -15, -3, -1, -13, 3, 9, -39, -4, 0, -21, 13, 3, -6, 3, -4, -16, 6, 6, 5, -40, -2, -8, -15, -4, -16, -38, 1, -6, 3, -8, -1, 6, -5, 4, 3, 1, -13, -42, 10, -21, 20, -11, -6, 16, -2, -33, 18, 2, 19, -5, 21, -4, -10, -2, -6, 7, -5, 2, -11, 18, -15, -15, 21, -54, 20, -4, -34, -5, -8, 19, -15, -10, 17, -37, 17, -8, -16, -11, -6, -5, 17, -6, -10, -15, -7, 8, -32, -7, -16, -51, 40, -25, -6, 22, -12, -86, 25, -47, 27, -16, 3, -19, 26, 24, 8, -54, 23, 4, 28, 10, -7, 10, 2, -2, -1, 10, 0, -27, -2, 11, -40, -26, 7, 13, 6, -9, 9, 7, 11, -5, 3, 12, -5, 6, -10, 11, -29, -5, 2, 16, -9, 10, 5, -54, 11, 0, -61, 2, -32, 26, -25, 6, 11, -90, 11, 21, -62, 3, -31, 1, 18, 18, 2, 8, -8, 21, -26, -18, -5, -15, 21, -37, -7, 15, 23, -64, 21, -30, 34, 2, -64, -30, 17, 0, 14, -26, -15, 26, -5, 10, -22, 7, -5, -13, -16, 8, -1, -23, -34, 11, -12, -46, 0, -17, 7, 2, -24, 9, 5, 6, 8, 17, -21, -28, -20, 13, -61, -25, -14, -9, 23, 59, -37, -2, 12, -37, -73, -6, -1, 11, 38, 47, -13, -33, 0, 4, -67, 7, -48, 13, 10, 32, 0, -2, -21, 13, -10, -19, -25, 23, -95, -61, 24, -21, 10, 26, 6, -8, 5, 11, -27, -22, 12, -15, 34, -2, -72, 14, 1]

